Matrix X is: 
[ 1 2 3 ]
[ 4 9 6 ]
[ 7 8 9 ]

Matrix Y is: 
[ 9 8 7 ]
[ 6 5 4 ]
[ 3 2 1 ]

Z=det(X)=  -48
Z=X*Y is: 
[ 30 24 18 ]
[ 108 89 70 ]
[ 138 114 90 ]

Z=X+Y is:
[ 10 10 10 ]
[ 10 14 10 ]
[ 10 10 10 ]

Transpose of matrix X is:
[ 1 4 7 ]
[ 2 9 8 ]
[ 3 6 9 ]

Inverse of matrix X is:
[ -0.6875 -0.125 0.3125 ]
[ -0.125 0.25 -0.125 ]
[ 0.645833 -0.125 -0.0208333 ]
